1.0000000
40 20
1 3 5 9 10 12 15 16 17 18 19 20 24 27 28 29 34 35 38 39
0 21
12 18
27 23
33 28
34 30
16 31
22 31
3 33
4 33
21 34
5 35
36 39
37 40
32 42
8 43
20 52
25 62
9 66
30 68
24 78
2 82
39 83
1 23
37 13
4 17
19 17
31 26
25 30
17 31
26 36
35 40
8 43
9 43
23 43
24 45
32 45
10 47
30 47
22 48
11 50
39 61
33 63
29 74
21 76
28 76
36 76
2 12
7 4
28 8
18 16
29 20
39 21
20 34
13 36
24 39
31 70
37 79
0 82
25 102
3 14
21 5
36 7
16 8
33 10
0 33
13 38
20 38
12 41
27 54
29 54
37 66
28 67
7 69
17 91
4 22
37 11
12 16
1 17
27 21
19 28
0 33
8 35
22 35
23 35
32 36
25 37
26 39
31 42
9 45
11 46
33 47
30 49
20 52
24 53
15 54
29 67
28 72
5 5
16 5
21 6
34 6
0 35
31 101
6 13
35 6
31 14
38 15
19 27
14 29
11 56
23 60
13 70
22 73
20 76
36 102
16 106
34 108
7 15
2 4
28 9
18 15
39 19
29 20
11 21
30 22
20 32
13 33
8 36
24 36
32 37
10 43
3 69
26 104
8 15
23 1
32 3
13 11
20 18
12 30
29 33
4 35
7 36
28 39
39 41
0 43
1 43
37 45
27 49
25 71
9 21
30 5
11 16
24 16
39 19
15 21
18 23
23 26
14 29
19 29
32 29
13 32
35 35
29 39
31 40
1 43
4 45
12 49
37 52
27 65
0 66
25 72
10 11
15 3
24 8
14 10
35 17
38 17
39 25
31 31
7 43
1 47
23 48
26 82
11 20
30 14
23 15
9 16
13 17
32 18
7 21
20 21
29 25
39 26
18 27
28 27
24 31
19 40
4 46
1 50
31 54
37 55
6 56
27 63
25 79
12 27
4 16
0 18
27 20
22 23
37 26
8 30
23 30
32 30
33 32
13 37
3 41
19 41
16 42
34 43
20 44
21 44
36 45
9 49
26 50
17 51
25 51
30 52
31 57
24 61
15 63
18 70
38 78
13 20
20 8
32 9
8 11
23 11
22 16
11 17
29 24
33 29
9 32
7 33
28 34
2 36
36 36
12 37
3 38
18 43
35 65
6 70
25 81
26 83
14 12
10 10
15 12
24 15
38 18
35 24
39 24
6 29
9 29
18 29
30 30
31 39
29 61
15 15
10 3
24 6
14 12
35 17
38 19
9 21
19 28
31 29
18 31
23 46
4 54
22 60
12 63
25 70
36 88
16 16
34 4
5 5
21 5
3 8
33 17
0 31
12 42
23 49
27 53
19 80
18 88
39 88
25 92
35 103
6 106
38 112
17 10
25 3
26 9
37 27
1 31
27 38
19 46
12 51
23 71
33 82
3 91
18 14
39 6
7 15
2 16
30 19
9 23
11 27
14 29
15 31
13 43
20 44
19 51
31 58
12 70
16 88
19 23
1 17
31 17
35 26
6 27
4 28
15 28
9 29
24 29
37 29
23 38
11 40
12 41
25 44
17 46
39 46
22 48
18 51
26 52
20 56
28 64
33 65
16 80
34 82
20 22
13 8
8 18
29 19
11 21
22 22
28 30
33 31
7 32
2 34
36 34
3 38
21 42
12 44
18 44
39 45
34 49
0 52
4 52
19 56
35 71
31 72
6 76
21 11
3 5
16 5
5 6
36 10
0 34
20 42
12 44
27 56
29 58
1 76
25 94
22 18
32 12
23 15
13 16
33 18
20 22
12 23
36 30
0 31
4 35
34 37
37 45
1 48
19 48
15 60
35 69
26 72
6 73
38 78
23 25
8 1
13 11
11 15
22 15
9 26
30 26
12 30
29 33
4 35
19 38
28 39
24 41
1 43
37 45
15 46
10 48
16 49
27 49
31 54
35 56
6 60
38 64
17 71
25 71
26 73
24 19
15 6
10 8
14 15
9 16
30 18
39 20
19 29
11 31
31 33
7 36
2 39
23 41
1 45
29 52
4 53
37 57
12 61
0 78
36 83
25 20
17 3
37 27
1 30
4 37
27 40
19 44
31 44
12 51
0 62
15 70
8 71
23 71
9 72
11 79
13 81
16 92
21 94
2 102
29 103
28 105
26 15
17 9
37 29
27 34
1 36
4 39
12 50
19 52
31 55
22 72
23 73
33 80
10 82
13 83
7 104
28 110
27 19
12 20
4 21
37 22
0 23
26 34
17 38
25 40
33 47
8 49
23 49
32 49
16 53
3 54
21 56
36 60
11 63
9 65
30 68
35 74
28 15
2 8
7 9
29 14
11 27
20 30
13 34
8 39
23 39
32 40
19 64
3 67
4 72
1 76
25 105
26 110
29 22
28 14
20 19
2 20
7 20
13 24
11 25
32 32
8 33
23 33
30 35
39 38
9 39
33 49
36 49
24 52
3 54
21 58
14 61
4 67
1 74
31 78
25 103
30 17
9 5
11 14
39 16
24 18
18 19
7 22
23 26
32 29
14 30
29 35
35 39
1 47
4 49
12 52
37 56
0 68
27 68
31 22
6 14
19 17
35 17
1 26
15 29
10 31
24 33
14 39
9 40
4 42
25 44
11 54
23 54
26 55
12 57
18 58
2 70
20 72
29 78
36 94
34 98
5 101
32 18
8 3
13 9
22 12
11 18
9 29
30 29
33 29
12 30
29 32
4 36
7 37
36 39
28 40
0 42
39 43
1 45
37 46
27 49
33 18
3 10
36 14
16 17
22 18
34 20
0 28
13 29
32 29
20 31
12 32
4 47
27 47
29 49
37 57
1 63
19 65
26 80
17 82
34 13
16 4
5 6
36 18
33 20
0 30
22 37
12 43
20 49
37 68
19 82
31 98
35 105
6 108
35 18
6 6
38 12
10 17
15 17
31 17
14 24
19 26
9 35
30 39
1 40
23 56
13 65
22 69
20 71
27 74
36 98
16 103
34 105
36 19
3 7
21 10
33 14
34 18
22 30
20 34
13 36
0 39
32 39
12 45
29 49
27 60
1 76
39 78
24 83
15 88
31 94
35 98
6 102
37 21
4 11
1 13
27 22
12 26
17 27
25 27
19 29
26 29
0 40
8 45
22 45
23 45
32 46
9 52
11 55
30 56
24 57
33 57
3 66
34 68
2 79
38 10
35 12
6 15
10 17
14 18
15 19
39 41
23 64
12 78
22 78
16 112
39 19
18 6
30 16
7 19
9 19
24 20
2 21
14 24
10 25
11 26
29 38
8 41
38 41
32 43
20 45
19 46
1 61
36 78
0 83
16 88